91 160.07
10 153.76 163.09 2.67 138.45
M 11 80.4 85.18 3.37 151.14
13 363.99 308.28 5.18 147.53
14 535.44 589.83 4.31 89.66
16 163.13 262.15 18.06 28.33
H 17 224.08 181.36 9.44 28.94
18 25.4 20.58 4.28 12.84
19 110.05 108.35 11.53 1.63 85.40
2 216.9 280.36 7.12 111.47
3 278.86 249.67 13.69 172.88
E 4 279.02 295.13 2.03 61.30
5 395.76 392.58 13.67 102.14
6 205.17 218.44 6.68 150.78
7 372.93 368.77 4.70 66.91
8 186.62 173.13 2.98 152.34
9 224.08 232.74 3.01 47.55 41.67
TLE 25.93 36.71 48.61 43.87 47.55 41.67
TLH 26.21 38.11 50.00 46.15 49.30 47.22
TLEH 26.50 38.81 52.78 45.87 47.55 43.06
MTLE 24.50 33.22 38.89 44.44 47.20 43.06
MTLF 22.79 34.27 40.28 44.16 47.90 38.89
