75 (15.67) 8.59 (14.39) N/A
Alt DTML 16.89 (18.07) 14.68 (13.57) 9.31 (15.70)
MDCSA 18.15 (19.12) 15.32 (14.93) 11.89 (17.55)
4m-PDRF 11.52 (16.07) 8.73 (12.90) N/A
TENER 8.75 (14.89) N/A N/A
Alt DTML 14.75 (13.79) 13.47 (17.66) N/A
MDCSA 17.13 (6.53) 86.31 (6.32) 43.98 (14.06) 66.93 (11.07)
Alt DTML 87.36 (6.30) 86.44 (6.63) 44.02 (16.89) 69.70 (12.04)
MDCSA1,4,7 4APS 86.44 (6.96) 85.93 (6.05) 47.26 (14.47) 72.62 (11.16)
MDCSA1,4,7 RSSI 87.61 (6.64) 87.21 (5.44) 45.02 (8.48) 76.85 (10.94) 49.97 (7.80) 69.10 (7.64)
MDCSA1,4,7 RSSI 77.47 (12.54) 73.99 (13.00) 41.79 (16.82) 67.37 (16.86)
MDCSA1,4,7 4APS RSSI 83.01 (6.42) 79.77 (7.05) 41.18 (12.43) 63.16 (11.06)
MDCSA1,4,7 83.30 (6.73) 76.